3
4
2
3
28
18
28
37
4
6
4
11
25
4
1
23
1
29
23
2
12
1
1
6
39
9
28
2
33
1
9
24
15
3
23
1
29
2
21
26
20
9
11
4
28
5
32
26
6
31
42
11
2
27
19
9
17
15
24
2
5
22
18
21
27
21
3
21
37
2
7
23
1
26
1
7
16
13
25
1
9
4
8
13
26
25
1
19
34
29
1
23
8
4
2
15
9
31
2
2
9
33
30
21
1
2
2
1
8
12
4
33
9
24
15
25
21
6
7
10
25
21
2
4
6
6
7
4
34
32
21
17
14
5
6
22
9
19
7
2
2
9
16
23
3
2
9
10
23
10
2
4
21
16
22
1
31
23
20
2
6
2
10
15
11
37
22
13
16
17
9
5
20
18
17
3
3
22
9
16
14
12
22
22
1
8
3
10
17
21
18
10
8
37
5
24
2
1
10
13
9
3
4
2
17
16
30
34
1
5
17
8
1
2
2
8
3
12
28
28
3
3
2
4
7
39
24
8
5
3
26
20
8
2
1
18
4
12
17
33
5
10
22
16
4
11
2
11
11
17
11
10
29
20
18
28
2
34
7
4
35
2
11
10
4
1
1
9
1
21
27
4
4
14
22
15
1
1
28
27
17
2
12
4
1
32
6
5
18
1
25
4
1
24
11
18
8
6
17
1
28
18
4
1
3
22
9
9
4
12
4
3
12
3
4
4
33
4
2
20
22
4
10
4
19
20
23
1
32